UP.DAT          2.1             Hour Start and End Times with Seconds
   1
Synthetic UP from wrfout column at domain center; not real radiosonde
NONE
UTC+0000
 2005   239    0    0 2005  241    0    0   500    2    2
     F    F    F    F
            88801    2005   8 27  0    0    2005   8 27  0    0           10
975.3,281,32.8,76,4.5,967.3,355,31.7,77,4.6,956.5,456,30.6,69,2.6,942.9,585,30.4,78,4.6
926.0,746,29.3,76,4.8,904.9,952,27.6,69,3.9,879.6,1203,25.4,56,3.2,843.4,1572,22.1,24,2.9
798.2,2049,18.3,2,4.7,753.2,2545,15.1,359,6.8
            88801    2005   8 27 12    0    2005   8 27 12    0           10
975.1,281,31.0,111,3.1,967.2,354,30.5,114,4.1,956.3,455,29.8,120,3.5,942.7,583,29.4,110,4.6
925.9,745,28.4,108,4.3,904.8,950,26.9,102,3.6,879.4,1200,25.0,84,2.7,843.3,1570,21.9,31,2.3
798.1,2046,18.3,6,4.9,753.1,2542,15.0,6,7.5
            88801    2005   8 28  0    0    2005   8 28  0    0           10
975.3,281,32.8,76,4.5,967.3,355,31.7,77,4.6,956.5,456,30.6,69,2.6,942.9,585,30.4,78,4.6
926.0,746,29.3,76,4.8,904.9,952,27.6,69,3.9,879.6,1203,25.4,56,3.2,843.4,1572,22.1,24,2.9
798.2,2049,18.3,2,4.7,753.2,2545,15.1,359,6.8
            88801    2005   8 28 12    0    2005   8 28 12    0           10
975.1,281,31.0,111,3.1,967.2,354,30.5,114,4.1,956.3,455,29.8,120,3.5,942.7,583,29.4,110,4.6
925.9,745,28.4,108,4.3,904.8,950,26.9,102,3.6,879.4,1200,25.0,84,2.7,843.3,1570,21.9,31,2.3
798.1,2046,18.3,6,4.9,753.1,2542,15.0,6,7.5
            88801    2005   8 29  0    0    2005   8 29  0    0           10
975.3,281,32.8,76,4.5,967.3,355,31.7,77,4.6,956.5,456,30.6,69,2.6,942.9,585,30.4,78,4.6
926.0,746,29.3,76,4.8,904.9,952,27.6,69,3.9,879.6,1203,25.4,56,3.2,843.4,1572,22.1,24,2.9
798.2,2049,18.3,2,4.7,753.2,2545,15.1,359,6.8
