UP.DAT          2.1             Hour Start and End Times with Seconds
   1
Synthetic UP.DAT for py-calmet tiny domain
NONE
UTC+0000
 2020   166    0    0 2020  168    0    0   500    2    2
     F    F    F    F
            99901    2020   6 14  0    0    2020   6 14  0    0           10
1000.0,150,18.0,220,4.0,975.0,370,16.5,225,5.0,950.0,600,15.0,230,6.0,925.0,840,13.5,235,7.0
900.0,1090,12.0,240,8.0,850.0,1550,9.0,245,10.0,800.0,2050,6.0,250,12.0,700.0,3100,0.0,255,15.0
600.0,4300,-7.0,260,18.0,500.0,5700,-15.0,265,22.0
            99901    2020   6 14 12    0    2020   6 14 12    0           10
1000.0,150,18.0,226,5.2,975.0,370,16.5,231,6.2,950.0,600,15.0,236,7.2,925.0,840,13.5,241,8.2
900.0,1090,12.0,246,9.2,850.0,1550,9.0,251,11.2,800.0,2050,6.0,256,13.2,700.0,3100,0.0,261,16.2
600.0,4300,-7.0,266,19.2,500.0,5700,-15.0,271,23.2
            99901    2020   6 15  0    0    2020   6 15  0    0           10
1000.0,150,18.0,220,4.0,975.0,370,16.5,225,5.0,950.0,600,15.0,230,6.0,925.0,840,13.5,235,7.0
900.0,1090,12.0,240,8.0,850.0,1550,9.0,245,10.0,800.0,2050,6.0,250,12.0,700.0,3100,0.0,255,15.0
600.0,4300,-7.0,260,18.0,500.0,5700,-15.0,265,22.0
            99901    2020   6 15 12    0    2020   6 15 12    0           10
1000.0,150,18.0,226,5.2,975.0,370,16.5,231,6.2,950.0,600,15.0,236,7.2,925.0,840,13.5,241,8.2
900.0,1090,12.0,246,9.2,850.0,1550,9.0,251,11.2,800.0,2050,6.0,256,13.2,700.0,3100,0.0,261,16.2
600.0,4300,-7.0,266,19.2,500.0,5700,-15.0,271,23.2
            99901    2020   6 16  0    0    2020   6 16  0    0           10
1000.0,150,18.0,220,4.0,975.0,370,16.5,225,5.0,950.0,600,15.0,230,6.0,925.0,840,13.5,235,7.0
900.0,1090,12.0,240,8.0,850.0,1550,9.0,245,10.0,800.0,2050,6.0,250,12.0,700.0,3100,0.0,255,15.0
600.0,4300,-7.0,260,18.0,500.0,5700,-15.0,265,22.0
